CG: 20.990950 14.865000 16.161482 14.315879 18.730366 16.360668 14.132027 12.846372 20.606846 14.017015 14.498990 15.574779 19.417410 13.892372 15.880063 21.085205 23.635687 

CC: 16.202806 17.464102 12.435704 12.775572 14.051373 19.825068 23.884054 15.241859 18.031456 

UG: 22.163017 19.124126 16.959480 21.271021 19.665728 16.865110 13.802598 12.732615 18.111692 19.174604 

AC: 16.219622 12.861920 15.575270 

GG: 18.393290 17.119234 17.184677 14.957247 19.074177 15.753603 16.308117 12.845112 16.933508 

AU: 15.882328 17.592194 14.175455 

AA: 

AG: 15.591603 19.071854 12.371911 

UC: 20.033712 20.147440 16.283113 13.653081 12.852949 22.711794 26.636713 23.337662 26.290754 15.257956 

UU: 14.181853 14.522242