CG: 30.481829 24.967842 21.619167 22.295090 19.690397 24.200663 18.406572 25.920242 12.579984 24.227318 21.052961 17.957615 16.005424 18.910561 21.233795 23.064997 13.230925 7.791393 14.065488 18.526705 

CC: 18.132507 

UG: 23.629482 20.481117 16.761168 19.071373 21.994793 24.184111 22.896887 20.554195 19.566339 13.208557 8.449654 8.591781 21.736225 17.875959 23.613539 20.272034 25.249535 22.672251 25.576780 21.298428 22.623102 19.171841 19.437288 17.221798 16.802391 12.660048 7.439686 7.014877 9.741758 12.354533 15.742436 14.687942 

AC: 27.515465 24.123911 

GG: 16.394976 22.015465 23.997694 27.189514 29.359552 27.260172 24.781704 23.590254 16.023735 12.109751 12.980354 13.435152 17.032467 20.131611 19.794476 18.779453 18.928961 14.110802 10.110611 9.483785 13.711691 17.405247 19.310884 19.038694 19.508287 17.429129 13.601474 11.347712 15.108141 19.469351 19.623533 20.205053 20.820543 17.386881 14.410413 14.214468 17.364611 20.463823 19.781286 18.945406 18.844685 10.082528 13.420789 16.953722 19.082529 19.255482 19.497931 10.234584 13.577276 18.488766 19.413397 19.960938 14.215961 17.606728 20.591070 10.181906 13.446990 16.527664 9.831358 11.493284 13.785600 

AU: 7.179601 21.404037 20.018661 

AA: 

AG: 10.554000 9.118123 11.400453 15.257371 20.782471 22.967510 24.533897 25.421078 22.117079 19.740942 16.658663 

UC: 25.693428 22.055761 21.119846 17.616247 

UU: 20.769310 17.491037